acc = 0.8265073947667805
f1_macro = 0.7595793921030108
